0 0 5 0                     0 0 0 0
0 0 0 0                     0 0 0 0
0 0 0 0    Rotate Right --> 0 0 0 5 
0 0 0 0                     0 0 0 0         \
                                             \          [0][2] --> [2][3]
                                             /                      
0 0 0 0                     0 0 0 0         /
0 0 0 0                     0 0 0 0
0 0 0 5    Rotate Right --> 0 0 0 0 
0 0 0 0                     0 5 0 0         \
                                             \          [2][3] --> [3][1]
                                             /
                                            /                                             
0 0 0 0                     0 0 0 0
0 0 0 0                     5 0 0 0
0 0 0 0    Rotate Right --> 0 0 0 0 
0 5 0 0                     0 0 0 0        \ 
                                            \          [3][1] -- > [0][2]
                                            /
0 0 0 0                     0 0 5 0        /
5 0 0 0                     0 0 0 0
0 0 0 0    Rotate Right --> 0 0 0 0 
0 0 0 0                     0 0 0 0 






4    5    5    0    0                           213  123  1564 5    4 
5    5    5    0    0                           0    3    0    5    5
1564 0    0    0    0        ROTATED 90*---->   0    54   0    5    5    
123  3    54   0    0                           0    0    0    0    0 
213  0    0    0    0                           0    0    0    0    0



ALSO WORKS WITH TEXT 
T    h    i    s    0    
i    s    0    0    0    
h    e    l    l    o    
w    o    r    l    d    
e    n    j    o    y    

ROTATED 90*---->

e    w    h    i    T    
n    o    e    s    h    
j    r    l    0    i    
o    l    l    0    s    
y    d    o    0    0    





1    2    5    8    0    0    0    0    0    0    
1    6    19   8    0    0    0    0    0    0    
1    6    4    5    0    0    0    0    0    0    
1    3    4    0    0    0    0    0    0    0    
5    0    0    0    0    0    0    0    0    0    
5    0    0    0    0    0    0    0    0    0    
54   0    0    0    0    0    0    0    0    0    
5    0    0    0    0    0    0    0    0    0    
5    0    0    0    0    0    0    0    0    0    
5    0    0    0    0    0    0    0    0    0    

ROTATED 90*---->

5    5    5    54   5    5    1    1    1    1    
0    0    0    0    0    0    3    6    6    2    
0    0    0    0    0    0    4    4    19   5    
0    0    0    0    0    0    0    5    8    8    
0    0    0    0    0    0    0    0    0    0    
0    0    0    0    0    0    0    0    0    0    
0    0    0    0    0    0    0    0    0    0    
0    0    0    0    0    0    0    0    0    0    
0    0    0    0    0    0    0    0    0    0    
0    0    0    0    0    0    0    0    0    0 
